/*
char nPatterns[][10] = 
{
	// line1
	{ 2,0,0, 0,1,1, 2,1,1, TILE_X157 },
	{ 0,0,2, 1,1,0, 1,1,2, TILE_X158 },
	{ 2,1,1, 0,1,1, 2,1,1, TILE_X159 },
	{ 1,1,2, 1,1,0, 1,1,2, TILE_X160 },
	{ 2,1,1, 0,1,1, 2,0,2, TILE_X161 },
	{ 1,1,2, 1,1,0, 2,0,2, TILE_X162 },
	{ 2,0,2, 1,1,1, 2,0,2, TILE_X163 },
	{ 2,0,2, 1,1,1, 2,0,2, TILE_X164 }, // dup

	// line2
	{ 2,0,2, 1,1,1, 2,0,2, TILE_X165 }, // dup
	{ 2,0,2, 1,1,1, 2,1,2, TILE_X166 }, 
	{ 2,0,2, 1,1,1, 2,1,2, TILE_X167 }, // dup
	{ 2,0,2, 1,1,1, 2,1,2, TILE_X168 }, // dup
	{ 2,1,2, 1,1,1, 2,1,2, TILE_X169 },
	{ 2,1,2, 1,1,1, 2,1,2, TILE_X170 }, // dup
	{ 2,1,2, 1,1,1, 2,1,2, TILE_X171 }, // dup
	{ 2,1,2, 1,1,1, 2,0,2, TILE_X172 },
	{ 2,1,2, 1,1,1, 2,0,2, TILE_X173 }, // dup
	{ 2,1,2, 1,1,1, 2,0,2, TILE_X174 }, // dup
	{ 2,1,2, 0,1,1, 2,1,2, TILE_X175 },
	{ 2,1,2, 0,1,1, 2,1,2, TILE_X176 }, // dup
	{ 2,1,2, 0,1,1, 2,1,2, TILE_X177 }, // dup
	{ 2,1,2, 1,1,0, 2,1,2, TILE_X178 },
	{ 2,1,2, 0,1,1, 2,1,2, TILE_X179 }, // dup
	{ 2,1,2, 0,1,1, 2,1,2, TILE_X180 }, // dup

	// line3
	{ 2,0,2, 0,1,0, 2,0,2, TILE_X181 },
	{ 2,0,2, 0,1,1, 2,0,2, TILE_X182 },
	{ 2,0,2, 1,1,1, 2,0,2, TILE_X183 },
	{ 2,0,2, 1,1,0, 2,0,2, TILE_X184 },
	{ 2,0,2, 0,1,0, 2,1,2, TILE_X185 },
	{ 2,1,2, 0,1,0, 2,1,2, TILE_X186 },
	{ 2,1,2, 0,1,0, 2,0,2, TILE_X187 },
	{ 0,1,2, 1,1,0, 2,0,2, TILE_X188 }, 
	{ 2,1,0, 0,1,1, 2,0,2, TILE_X189 }, 
	{ 0,0,2, 1,1,0, 0,0,2, TILE_X190 }, 
	{ 2,0,0, 0,1,1, 2,0,0, TILE_X191 }, 
	{ 0,1,0, 1,1,0, 2,0,2, TILE_X192 }, 
	{ 0,0,0, 1,1,1, 0,1,0, TILE_X193 }, 
	{ 0,1,2, 1,1,0, 0,1,2, TILE_X194 }, 
	{ 2,1,0, 0,1,1, 2,1,0, TILE_X195 }, 
	{ 0,1,0, 1,1,1, 0,1,0, TILE_X196 }, 

	// line4
	{ 0,1,0, 0,1,1, 2,1,1, TILE_X197 }, 
	{ 0,1,0, 1,1,0, 1,1,2, TILE_X198 }, 
	{ 2,1,1, 0,1,1, 2,1,0, TILE_X199 }, 
	{ 1,1,2, 1,1,0, 0,1,2, TILE_X200 }, 
	{ 2,0,2, 1,1,1, 0,1,1, TILE_X201 }, 
	{ 2,0,2, 1,1,1, 1,1,0, TILE_X202 }, 
	{ 0,1,1, 1,1,1, 2,0,2, TILE_X203 }, 
	{ 1,1,0, 1,1,1, 2,0,2, TILE_X204 }, 
	{ 0,1,0, 1,1,1, 0,1,1, TILE_X205 },
	{ 0,1,0, 1,1,1, 1,1,0, TILE_X206 },
	{ 0,1,1, 1,1,1, 0,1,0, TILE_X207 },
	{ 1,1,0, 1,1,1, 0,1,0, TILE_X208 },
	{ 0,1,0, 1,1,1, 1,1,1, TILE_X209 },
	{ 0,1,0, 1,1,1, 0,1,0, TILE_X210 }, // ? top uncertainty
	{ 0,1,1, 1,1,1, 0,1,1, TILE_X211 },
	{ 1,1,0, 1,1,1, 1,1,0, TILE_X222 },

	// line5
	{ 1,1,0, 1,1,1, 0,1,1, TILE_X223 },
	{ 0,1,1, 1,1,1, 1,1,0, TILE_X224 },
	{ 2,0,2, 0,1,1, 2,1,1, TILE_X225 },
	{ 2,0,2, 1,1,1, 1,1,1, TILE_X226 },
	{ 2,0,2, 1,1,0, 1,1,2, TILE_X227 },
	{ 2,1,1, 0,1,1, 2,1,1, TILE_X228 },
	{ 1,1,1, 1,1,1, 1,1,1, TILE_X229 },
	{ 1,1,2, 1,1,0, 1,1,2, TILE_X230 },
	{ 2,1,1, 0,1,1, 2,0,2, TILE_X231 },
	{ 1,1,1, 1,1,1, 2,0,2, TILE_X232 },
	{ 1,1,2, 1,1,0, 2,0,2, TILE_X233 },
	{ 0,1,1, 1,1,1, 1,1,1, TILE_X234 },
	{ 1,1,0, 1,1,1, 1,1,1, TILE_X235 },
	{ 1,1,1, 1,1,1, 0,1,1, TILE_X236 },
	{ 1,1,1, 1,1,1, 1,1,0, TILE_X237 },
};
*/